    1     2.5000   -112.26977   -112.46478   -112.49705			
    2     2.6300   -112.26398   -112.45445   -112.48758			
    3     2.7600   -112.25963   -112.44681   -112.48062			
    4     2.8900   -112.25634   -112.44115   -112.47546			
    5     3.0200   -112.25383   -112.43695   -112.47163			
    6     3.1500   -112.25192   -112.43385   -112.46877			
    7     3.2800   -112.25044   -112.43155   -112.46664			
    8     3.4100   -112.24931   -112.42985   -112.46505			
    9     3.5400   -112.24842   -112.42859   -112.46386			
   10     3.6700   -112.24774   -112.42766   -112.46296			
   11     3.8000   -112.24720   -112.42696   -112.46229			
   12     3.9300   -112.24679   -112.42645   -112.46179			
   13     4.0600   -112.24647   -112.42606   -112.46142			
   14     4.1900   -112.24622   -112.42577   -112.46114			
   15     4.3200   -112.24603   -112.42556   -112.46093			
   16     4.4500   -112.24589   -112.42540   -112.46078			
   17     4.5800   -112.24577   -112.42528   -112.46066			
   18     4.7100   -112.24568   -112.42518   -112.46056			
   19     4.8400   -112.24561   -112.42511   -112.46049			
   20     4.9700   -112.24555   -112.42505   -112.46043			
   21     5.1000   -112.24550   -112.42500   -112.46038			
   22     5.2300   -112.24546   -112.42495   -112.46034			
   23     5.3600   -112.24543   -112.42492   -112.46030			
   24     5.4900   -112.24540   -112.42489   -112.46027			
   25     5.6200   -112.24537   -112.42486   -112.46025			
   26     5.7500   -112.24535   -112.42484   -112.46023			
   27     5.8800   -112.24533   -112.42482   -112.46021			
   28     6.0100   -112.24531   -112.42480   -112.46019			
   29     6.1400   -112.24530   -112.42479   -112.46017			
   30     6.2700   -112.24528   -112.42477   -112.46016			
   31     6.4000   -112.24527   -112.42476   -112.46015			
