    1     0.8300   -112.73690	
    2     0.8400   -112.78074	
    3     0.8500   -112.82153	
    4     0.8600   -112.85945	
    5     0.8700   -112.89468	
    6     0.8800   -112.92737	
    7     0.8900   -112.95769	
    8     0.9000   -112.98577	
    9     0.9100   -113.01175	
   10     0.9200   -113.03576	
   11     0.9300   -113.05792	
   12     0.9400   -113.07834	
   13     0.9500   -113.09713	
   14     0.9600   -113.11438	
   15     0.9700   -113.13020	
   16     0.9800   -113.14466	
   17     0.9900   -113.15786	
   18     1.0000   -113.16986	
   19     1.0100   -113.18075	
   20     1.0200   -113.19060	
   21     1.0300   -113.19946	
   22     1.0400   -113.20740	
   23     1.0500   -113.21448	
   24     1.0600   -113.22075	
   25     1.0700   -113.22626	
   26     1.0800   -113.23107	
   27     1.0900   -113.23521	
   28     1.1000   -113.23873	
   29     1.1100   -113.24167	
   30     1.1200   -113.24406	
   31     1.1300   -113.24595	
   32     1.1400   -113.24737	
   33     1.1500   -113.24835	
   34     1.1600   -113.24891	
   35     1.1700   -113.24910	
   36     1.1800   -113.24892	
   37     1.1900   -113.24841	
   38     1.2000   -113.24759	
   39     1.2100   -113.24649	
   40     1.2200   -113.24512	
   41     1.2300   -113.24350	
   42     1.2400   -113.24165	
   43     1.2500   -113.23959	
   44     1.2600   -113.23734	
   45     1.2700   -113.23490	
   46     1.2800   -113.23230	
   47     1.2900   -113.22955	
   48     1.3000   -113.22666	
   49     1.3100   -113.22363	
   50     1.3200   -113.22050	
   51     1.3300   -113.21725	
   52     1.3400   -113.21391	
   53     1.3500   -113.21048	
   54     1.3600   -113.20696	
   55     1.3700   -113.20338	
   56     1.3800   -113.19974	
   57     1.3900   -113.19603	
   58     1.4000   -113.19228	
   59     1.4100   -113.18848	
   60     1.4200   -113.18465	
   61     1.4300   -113.18078	
    1     2.5000   -112.87545
    2     2.6300   -112.85758
    3     2.7600   -112.84261
    4     2.8900   -112.83006
    5     3.0200   -112.81951
    6     3.1500   -112.81066
    7     3.2800   -112.80324
    8     3.4100   -112.79705
    9     3.5400   -112.79191
   10     3.6700   -112.78767
   11     3.8000   -112.78418
   12     3.9300   -112.78133
   13     4.0600   -112.77902
   14     4.1900   -112.77715
   15     4.3200   -112.77565
   16     4.4500   -112.77446
   17     4.5800   -112.77352
   18     4.7100   -112.77279
   19     4.8400   -112.77221
   20     4.9700   -112.77177
   21     5.1000   -112.77143
   22     5.2300   -112.77116
   23     5.3600   -112.77095
   24     5.4900   -112.77079
   25     5.6200   -112.77066
   26     5.7500   -112.77055
   27     5.8800   -112.77046
   28     6.0100   -112.77039
   29     6.1400   -112.77032
   30     6.2700   -112.77026
   31     6.4000   -112.77020